image_width: 640
image_height: 480
camera_name: 00b09d0100da75ca
camera_matrix:
  rows: 3
  cols: 3
  data: [646.707347, 0, 311.146067, 0, 646.886793, 251.281375, 0, 0, 1]
distortion_model: plumb_bob
distortion_coefficients:
  rows: 1
  cols: 5
  data: [-0.429265, 0.213117, -0.000265, 0.000668, 0]
rectification_matrix:
  rows: 3
  cols: 3
  data: [1, 0, 0, 0, 1, 0, 0, 0, 1]
projection_matrix:
  rows: 3
  cols: 4
  data: [572.601746, 0, 308.851678, 0, 0, 605.234741, 252.211619, 0, 0, 0, 1, 0]
