# oST version 5.0 parameters


[image]

width
640

height
480

[narrow_stereo]

camera matrix
646.707347 0.000000 311.146067
0.000000 646.886793 251.281375
0.000000 0.000000 1.000000

distortion
-0.429265 0.213117 -0.000265 0.000668 0.000000

rectification
1.000000 0.000000 0.000000
0.000000 1.000000 0.000000
0.000000 0.000000 1.000000

projection
572.601746 0.000000 308.851678 0.000000
0.000000 605.234741 252.211619 0.000000
0.000000 0.000000 1.000000 0.000000

