image: map_c_1.pgm
resolution: 0.030000
origin: [-76.814987, -76.814987, 0.000000]
negate: 0
occupied_thresh: 0.65
free_thresh: 0.196

