image: map_s_1.pgm
resolution: 0.100000
origin: [-153.649994, -153.649994, 0.000000]
negate: 0
occupied_thresh: 0.65
free_thresh: 0.196

