image: UTS_map.pgm
resolution: 0.020000
origin: [-40.009998, -40.009998, 0.000000]
negate: 0
occupied_thresh: 0.65
free_thresh: 0.196

