image: GDS_map2.pgm
resolution: 0.030000
origin: [-75.014999, -75.014999, 0.000000]
negate: 0
occupied_thresh: 0.65
free_thresh: 0.196

